Species	A	C	D	E	F	G	H	I	K	L	M	N	P	Q	R	S	T	V	W	Y	-	X
Capitella	23476	7076	19734	23219	15065	19224	9420	18824	23338	34700	9117	13442	15136	14537	18486	23954	17169	23095	3988	10534	41447	0
Fugu	21575	6579	16867	21575	13143	18672	8349	15601	20050	33756	7695	11378	14474	14064	17873	21914	16271	22309	3927	9697	69212	0
Anolis	22733	6821	17257	24105	14121	19337	8483	18121	22751	35503	7988	12363	15467	14543	18307	21836	16339	21974	4083	10679	52170	0
Brugia	14866	4762	12334	15132	10316	11862	5458	15391	15038	22951	5544	9607	8719	8149	13541	15029	11132	14719	2714	7729	159980	0
Hydra	14603	5447	14738	17897	12865	13744	6075	18436	21736	26908	6075	13731	10243	10280	11619	19759	13045	17088	3042	9195	118455	0
Tetranychus	16233	5384	16457	18553	13318	14469	6378	20687	21680	28870	6193	13972	11827	10134	13826	20615	13989	16861	3326	9904	102305	0
Latimeria	22942	7367	18058	25379	15404	20194	8832	19342	24690	37261	8505	13367	15785	15545	19098	23561	17946	24301	4386	11526	31492	0
Trichoplax	19600	6378	18143	19537	13616	16673	7351	22363	22361	31254	6969	15581	12208	12648	16407	22777	16136	19259	3663	11537	70520	0
Ixodes	21391	5955	15404	18635	12060	16970	7653	11813	16589	31259	6365	9151	13373	11481	17957	18775	13947	21262	3538	8351	103052	0
Monosiga	20408	3441	12234	13320	8111	12148	5824	9418	10205	21854	4936	6895	9656	9589	13769	12425	11234	14559	2398	5665	176892	0
Mnemiopsis	16793	5765	15489	18562	11381	14975	6858	16251	19888	27130	6360	12023	11530	10646	13434	20303	15009	18917	3011	8999	111657	0
Apis	19468	6687	17525	23159	14148	17112	8233	26311	26041	34564	7621	17369	13816	13342	16109	21427	18009	19121	4233	12245	48441	0
Caenorhabditis	18019	4532	14480	17998	11626	14497	6206	15905	17955	23882	6747	10905	10293	9625	14153	16712	13394	17491	3071	7954	129536	0
Strigamia	19552	6481	18013	21465	14580	16937	8022	20737	23159	32811	7590	15178	13299	12919	16449	21420	17034	21115	3888	10555	63777	0
Oikopleura	15877	4192	13306	16554	10619	13089	5193	14540	17386	21607	5615	10056	9138	8609	12315	15566	11537	14326	2833	6812	155811	0
Xenopus	22753	7351	18327	24577	14929	20297	8966	19204	23420	37332	8451	13407	15887	15485	19033	24247	17688	23479	4368	11387	34393	0
Strongylocentrotus	19473	5545	16704	20020	12410	17207	7674	16206	20229	28875	7869	11284	13017	12441	15761	20148	15398	19648	3481	9169	92422	0
Acyrthosiphon	17759	6909	18568	21307	14608	16800	7917	22940	25480	33634	8225	17791	13499	12394	14896	23346	17862	21440	3960	11854	53792	0
Rhodnius	7124	2583	6490	8260	5396	6680	2921	7978	9079	12696	3027	5749	5258	4464	6059	8185	6262	8271	1533	4356	262610	0
Danaus	22533	6529	17994	21747	12965	17938	8263	19550	22746	33634	7416	14260	14552	12344	17850	21609	17078	22136	4130	11259	58448	0
Gallus	16735	4937	12070	16936	9600	13477	5869	11925	15295	24794	5488	8588	10644	10221	13255	15617	11483	16067	2780	7376	151824	0
Salpingoeca	21639	4005	13987	14274	9267	13543	6702	10343	12539	22631	5724	7168	10406	9955	15177	14395	13214	17106	2611	6037	154258	0
Tribolium	21874	6943	19375	24814	15726	19295	8712	22136	27056	36961	7414	16758	15499	14364	17527	22664	18839	23989	4269	12083	28683	0
Bombus	19921	6788	17644	22961	13937	16211	8381	22865	24741	34821	7800	16533	14045	13482	16616	21489	18267	20736	4216	12094	51433	0
Acropora	12734	4143	11250	14218	9284	11877	5045	11234	14431	20743	4964	8124	8735	8387	10657	14742	10527	14156	2429	6173	181128	0
Branchiostoma	22986	6534	19121	23030	13872	20270	8738	16282	21942	33522	8912	12059	15443	15212	19059	21047	18175	24371	4204	10597	49605	0
Nematostella	20606	6319	17724	21297	13859	18389	8196	17924	22360	31809	7907	12400	13891	12837	16515	21686	16438	22029	3848	10200	68747	0
Drosophila	25530	6740	19379	23913	15017	19938	9261	19884	22643	37460	8351	14866	15317	15970	20766	22641	18278	23635	4186	11738	29468	0
Pinctada	9304	3067	9869	11081	6871	8848	3985	9466	12422	15240	4430	6907	6847	6724	8187	10862	8452	10884	1747	5614	224174	0
Ciona	16335	5476	14655	17053	11604	14611	6751	15804	19008	26214	6824	11933	10924	10401	13211	18852	14061	18041	3206	8302	121715	0
Gasterosteus	25628	7463	19560	24980	14952	21974	9397	16894	22615	38567	8987	12652	16751	15823	21479	25111	18479	26090	4482	10953	22144	0
Daphnia	22204	6646	18232	22858	14940	18960	8554	19796	22590	35869	7891	14291	14951	14373	17992	24280	17511	22983	4327	10628	45105	0
Homo	21011	6067	15427	21533	12659	17867	7723	15552	19349	33199	7000	10660	14322	13559	17427	19990	14916	20229	3863	9406	83222	0
Amphimedon	15837	5323	15229	19024	11240	16206	7046	16788	18806	29129	6170	11047	12469	10798	14452	22484	14818	18445	3284	9494	106892	0
Saccoglossus	19867	6416	19225	22026	13643	18222	8501	19878	24190	31793	8549	13688	14014	13650	16739	22275	17430	21831	3943	11203	57898	0
Lottia	19610	7023	20366	23841	15209	19398	8648	23035	26998	34751	8552	16033	14611	14334	16720	23784	18405	22750	4217	12281	34415	0
Constants	1360	1148	2330	1815	1804	4828	1123	702	1426	3027	463	1280	2684	945	2453	1128	1106	965	1185	1255	0	0
Metazoaconst	125	89	174	192	201	276	79	85	162	306	60	124	184	93	183	107	90	78	109	160	0	0
Homo.fasta.nogaps	21011	6067	15427	21533	12659	17867	7723	15552	19349	33199	7000	10660	14322	13559	17427	19990	14916	20229	3863	9406	0	0
human_uniprot.fasta	795260	260268	536935	804522	413678	744566	297583	491690	648774	1128389	241560	406500	715038	539951	639157	942820	607079	676387	138119	301929	0	1
