Species	A	C	D	E	F	G	H	I	K	L	M	N	P	Q	R	S	T	V	W	Y	-	X
Aphrocallistes_vastus	2279	806	1896	2271	1814	2208	996	2406	2372	4166	857	1440	1541	1320	1996	2475	1762	2615	489	1384	7803	0
Drosophila_melanogaster	2807	839	2155	2395	1887	2352	1048	2496	2493	4266	933	1633	1615	1507	2286	2270	1950	2839	530	1512	5083	0
Loxosoma_pectinaricola	1074	326	941	1066	695	960	402	849	1160	1614	434	556	687	656	999	842	741	1185	152	545	29012	0
Sycon_ciliatum	2836	855	2175	2238	1848	2421	1082	2084	2281	4211	1058	1364	1619	1487	2226	2421	1926	3054	539	1296	5875	0
Crassostrea_gigas	2135	735	1881	2030	1628	2032	865	2137	2329	3526	904	1385	1406	1252	1745	1967	1727	2464	453	1228	11067	0
Monosiga_brevicollis	2975	653	1941	1973	1461	2108	967	1807	1793	3624	873	1201	1457	1347	2071	1903	1697	2514	433	1122	10976	0
Cephalodiscus_gracilis	683	248	594	742	537	711	306	708	817	1104	280	448	440	401	589	682	555	808	121	391	33731	0
Sterreria_sp	146	55	145	145	117	176	53	177	241	260	62	103	110	100	140	167	156	200	23	92	42228	0
Stomolophus_meleagris	2105	647	1777	2039	1602	1884	807	2134	2389	3261	833	1270	1263	1130	1675	1930	1532	2257	400	1093	12868	0
Leptochiton_rugatus	2046	655	1830	2060	1531	1862	848	1967	2247	3322	817	1186	1327	1163	1760	1799	1598	2326	430	1183	12939	0
Isodiametra_pulchra	2667	915	2139	2252	1931	2288	1011	2393	2420	4183	986	1539	1621	1395	2087	2556	1910	2841	503	1390	5869	0
Leptosynapta_clarki	1603	504	1439	1630	1148	1483	634	1635	1858	2505	662	1028	1019	933	1333	1439	1226	1797	319	889	19812	0
Priapulus_caudatus	2604	782	2079	2189	1701	2208	994	2208	2385	3887	1005	1428	1512	1393	2040	2072	1872	2833	498	1366	7840	0
Trichoplax_adhaerens	2410	809	2006	2188	1737	2183	952	2722	2453	3888	876	1593	1470	1291	1980	2332	1828	2496	528	1521	7633	0
Agalma_elegans	2149	780	1940	2140	1719	2072	872	2443	2498	3552	903	1485	1378	1247	1670	2120	1650	2427	441	1346	10064	0
Schmidtea_mediterranea	944	390	964	1069	872	960	414	1378	1288	1749	447	839	646	605	813	1186	804	1125	226	642	27535	0
Lottia_gigantea	2360	806	2153	2353	1864	2249	996	2653	2746	4004	943	1607	1564	1359	1891	2253	1930	2664	517	1467	6517	0
Novocrania_anomala	2569	834	2170	2387	1872	2337	1054	2446	2663	4028	1047	1479	1621	1441	2072	2193	1994	2840	515	1473	5861	0
Hemithiris_psittacea	2326	785	2089	2192	1742	2142	997	2240	2443	3783	998	1458	1484	1261	1966	2152	1819	2708	510	1358	8443	0
Mnemiopsis_leidyi	1797	650	1627	1698	1326	1726	731	1879	1992	3023	751	1241	1194	1017	1478	1813	1424	2086	367	1121	15955	0
Taenia_pisiformes	1297	395	1001	1012	844	1043	478	1041	1021	1966	400	614	740	600	1075	1121	842	1325	267	648	27166	0
Adineta_vaga	2345	795	2205	2268	1918	2148	1055	2930	2492	4222	900	1628	1557	1534	2152	2325	2063	2433	515	1569	5842	0
Childia_submaculatum	2256	900	1893	2013	1815	2086	936	2404	2385	3920	946	1546	1483	1357	1823	2367	1776	2445	468	1316	8761	0
Peripatopsis_capensis	1230	398	1146	1308	904	1168	511	1367	1506	1934	513	788	772	745	1022	1149	935	1348	242	669	25241	0
Leucosolenia_complicata	2848	883	2159	2255	1853	2416	1108	2039	2194	4136	1061	1327	1615	1466	2265	2327	1924	3081	527	1252	6160	0
Cephalothrix_hongkongiensis	1154	376	1077	1172	886	1068	458	1247	1331	1812	474	737	735	628	881	1065	844	1259	244	652	26796	0
Halicryptus_spinulosus	2703	837	2153	2354	1857	2302	1046	2406	2603	4120	1033	1446	1561	1441	2082	2291	1932	2868	558	1447	5856	0
Homo_sapiens	2724	849	2071	2523	1887	2402	1007	2374	2497	4434	989	1424	1732	1535	2273	2294	1892	2866	552	1477	5094	0
Meara_stichopi	2309	925	2195	2144	1915	2261	962	2570	2571	4160	971	1614	1543	1315	2019	2634	1911	2768	522	1401	6186	0
Acropora_digitifera	1396	478	1109	1365	1030	1265	571	1313	1477	2302	517	830	869	759	1116	1325	1014	1579	296	713	23572	0
Eunicella_cavolinii	1520	486	1277	1503	1061	1410	604	1474	1643	2356	572	924	934	817	1114	1350	1164	1684	297	791	21915	0
Pleurobrachia_bachei	1548	569	1310	1498	1131	1495	623	1502	1526	2489	594	926	1021	789	1346	1538	1271	1750	323	905	20742	0
Astrotomma_agassizi	747	205	627	764	471	640	284	667	886	1087	273	404	434	397	615	583	528	715	100	399	34070	0
Cliona_varians	2157	673	1722	1960	1478	1921	846	1863	2123	3426	851	1114	1316	1202	1695	1937	1580	2294	414	1127	13197	0
Lineus_longissimus	2505	816	2225	2338	1871	2310	1041	2455	2683	4008	1048	1503	1581	1354	2032	2180	1888	2758	519	1429	6352	0
Convolutriloba_macropyga	2501	904	2085	2373	1975	2263	957	2438	2658	4169	1015	1642	1586	1444	1955	2573	1893	2822	499	1446	5698	0
Helobdella_robusta	2278	852	2132	2226	1932	2138	977	2593	2734	4021	957	1659	1512	1328	1892	2389	1793	2684	503	1405	6891	0
Terebratalia_transversa	2397	806	2184	2312	1816	2307	1011	2586	2713	4067	1019	1586	1568	1388	1949	2279	2023	2691	536	1487	6171	0
Salpingoeca_rosetta	2757	673	1923	2008	1593	2100	1006	1728	1919	3480	914	1115	1432	1259	2083	1888	1776	2617	420	1108	11097	0
Craspedacusta_sowerby	2567	847	2122	2262	1867	2279	984	2335	2499	4024	917	1434	1522	1341	2087	2357	1695	2852	502	1360	7043	0
Brachionus_calyciflorus	2119	813	2119	2389	1956	2061	885	2829	2937	3988	851	1915	1464	1308	1748	2349	1770	2382	480	1460	7073	0
Oscarella_carmela	2694	838	2100	2292	1855	2302	1016	2218	2487	4045	921	1350	1573	1349	2168	2435	1828	2916	528	1342	6639	0
Gallus_gallus	2402	767	1843	2179	1667	2139	888	2095	2186	3814	889	1240	1520	1296	1999	2049	1624	2551	489	1284	9975	0
Nemertoderma_westbladi	2553	859	2198	2256	1766	2407	1026	2521	2248	4319	870	1521	1625	1302	2405	2550	1959	2945	554	1469	5543	0
Diopisthoporus_longitubus	2332	767	1920	1960	1657	1932	938	2188	1989	3845	767	1356	1357	1223	1976	2320	1733	2346	467	1231	10592	0
Xenoturbella_bocki	2459	858	2234	2234	1820	2261	1009	2442	2600	4024	1034	1521	1562	1410	2066	2291	1995	2844	524	1462	6246	0
Macrostomum_lignano	3316	943	2061	2080	1665	2333	1004	1620	1796	4592	829	1207	1726	1488	2722	2350	1656	2862	528	1206	6912	0
Lepidodermella_squamata	2914	789	2043	2100	1866	2222	958	2234	2158	3984	866	1381	1639	1291	2200	2266	1729	2736	527	1285	7708	0
Daphnia_pulex	2491	793	2003	2284	1804	2208	962	2395	2371	4016	926	1421	1526	1377	2035	2290	1846	2559	512	1339	7738	0
Hofstenia_miamia	2358	868	2001	2073	1924	2071	987	2506	2384	4104	856	1631	1515	1312	1985	2619	1731	2564	511	1324	7572	0
Nematostella_vectensis	2494	802	2066	2262	1818	2258	974	2329	2572	3917	970	1466	1587	1382	1908	2271	1819	2823	510	1386	7282	0
Euplokamis_dunlapae	1480	488	1309	1447	1023	1385	547	1454	1694	2231	645	907	908	858	1133	1351	1140	1684	243	815	22154	0
Pomatoceros_lamarckii	1418	409	1187	1281	950	1310	545	1220	1451	2094	591	793	802	767	1079	1152	1067	1526	276	699	24279	0
Saccoglossus_mereschkowskii	2266	742	2017	2148	1640	2093	979	2301	2504	3666	956	1383	1437	1276	1873	2107	1750	2489	468	1363	9438	0
Capitella_teleta	2597	824	2173	2295	1887	2302	1026	2317	2518	4063	1048	1462	1598	1424	2069	2264	1856	2756	533	1357	6527	0
Membranipora_membranacea	2625	864	2257	2295	1838	2344	1024	2522	2740	4020	1079	1571	1568	1393	1961	2405	2049	2773	528	1499	5541	0
Ciona_intestinalis	2447	860	2064	2314	1878	2273	1056	2456	2716	4051	1014	1628	1565	1352	2007	2437	1903	2818	548	1398	6111	0
Branchiostoma_floridae	2628	833	2153	2360	1826	2355	1046	2208	2492	4075	1054	1443	1610	1505	2138	2099	1965	2905	536	1428	6237	0
Barentsia_gracilis	975	278	872	932	643	929	388	777	995	1513	389	521	560	559	819	818	790	1170	159	494	30315	0
Labidiaster_annulatus	1012	311	912	1078	703	942	394	962	1241	1604	442	630	646	567	936	873	798	1140	187	528	28990	0
Amphimedon_queenslandica	2206	772	1997	2303	1688	2225	984	2423	2393	3899	888	1302	1541	1325	1966	2485	1791	2561	494	1386	8267	0
Petromyzon_marinus	1658	459	1202	1371	1017	1377	600	1213	1235	2414	575	780	935	817	1329	1249	992	1644	288	756	22985	0
Botryllus_schlosseri	1798	592	1621	1833	1369	1638	800	1895	2051	2945	766	1227	1173	1037	1551	1839	1477	2101	373	1094	15716	0
Megadasys_sp	790	279	651	759	607	671	292	760	738	1300	283	450	487	421	710	751	530	821	141	399	33056	0
Ptychodera_bahamensis	2056	652	1811	2080	1504	1848	836	2093	2306	3225	878	1245	1307	1147	1712	1819	1552	2338	416	1174	12897	0
Prostheceraeus_vittatus	2565	872	2115	2404	1911	2296	1018	2456	2312	4109	1010	1541	1611	1380	2446	2401	1866	2807	553	1369	5854	0
Ixodes_scapularis	2250	712	1704	1816	1502	1830	891	1534	1860	3519	737	1136	1332	1071	1869	1888	1543	2498	433	1156	13615	0
Eumecynostomum_macrobursalium	1024	372	924	1005	724	959	419	1082	1218	1688	449	747	662	586	881	1053	842	1107	207	557	28390	0
Schizocardium_braziliense	792	249	739	792	569	714	339	737	973	1183	301	491	535	422	703	678	605	886	159	439	32590	0
Macrodasys_sp	1878	680	1678	1761	1576	1768	844	2105	2069	3282	713	1316	1218	1079	1481	1924	1496	2017	416	1092	14503	0
Strigamia_maritima	2168	691	1834	1992	1586	1951	862	2308	2324	3582	831	1433	1333	1185	1752	1971	1651	2378	468	1197	11399	0
Phoronis_psammophila	2397	785	2081	2225	1756	2173	965	2279	2513	3766	999	1459	1499	1308	1902	2081	1796	2687	496	1352	8377	0
Ascoparia_sp	1407	417	1203	1337	988	1269	531	1369	1343	2124	518	778	872	758	1202	1289	1012	1526	261	706	23986	0
Schistosoma_mansoni	2143	866	1907	2017	1681	2012	988	2349	2083	3949	739	1390	1511	1202	2053	2320	1728	2462	504	1338	9654	0
Strongylocentrotus_purpuratus	2490	783	2067	2315	1802	2278	1001	2315	2527	3915	1033	1455	1584	1381	2045	2255	1882	2722	515	1411	7120	0
Adineta_ricciae	1743	569	1595	1662	1302	1532	725	1970	1750	2994	654	1133	1064	1122	1582	1622	1440	1769	352	1048	17268	0
Dumetocrinus_sp	1915	673	1614	1818	1387	1702	816	2008	2141	3095	787	1233	1204	1129	1565	1779	1512	2109	411	1110	14888	0
Diopisthoporus_gymnopharyngeus	1391	441	1179	1226	929	1205	578	1266	1282	2258	464	731	858	781	1188	1325	1060	1456	250	705	24323	0
Constants	338	241	506	390	376	945	268	239	383	687	129	319	595	259	521	416	306	367	167	280	0	0
Choanozoaconst	51	22	72	50	36	90	27	38	55	101	15	54	76	37	73	54	55	41	21	35	0	0
Homo_sapiens.fasta.nogaps	2724	849	2071	2523	1887	2402	1007	2374	2497	4434	989	1424	1732	1535	2273	2294	1892	2866	552	1477	0	0
human_uniprot.fasta	795260	260268	536935	804522	413678	744566	297583	491690	648774	1128389	241560	406500	715038	539951	639157	942820	607079	676387	138119	301929	0	1
