Species	A	C	D	E	F	G	H	I	K	L	M	N	P	Q	R	S	T	V	W	Y	-	X
Capitella_sp	2303	482	1593	1909	974	2185	654	1993	2628	2589	805	1093	1133	1081	2070	1578	1589	2367	200	912	119	0
Tubifex_tubifex	1893	385	1263	1467	810	1761	540	1636	2193	2110	604	866	902	910	1759	1227	1287	1875	165	724	5880	0
Sycon_raphanus	939	239	623	725	464	954	350	784	1282	1117	287	500	504	481	1216	675	695	1077	104	422	16819	0
Heterochone_sp	605	138	450	560	259	654	207	643	669	789	232	330	349	306	522	495	458	679	60	258	21594	0
Cyanea_capillata	477	114	292	366	272	489	197	482	891	586	167	294	283	240	654	401	392	560	46	229	22825	0
Rhizopus_oryzae	2466	396	1560	1927	988	2132	599	1987	2470	2592	677	1188	1106	1046	2027	1631	1600	2417	185	886	377	0
Crassostrea_gigas	1875	433	1268	1530	845	1793	521	1685	2343	2090	659	962	957	900	1773	1267	1308	1908	168	764	5208	0
Monosiga_brevicollis	2610	455	1662	1867	1022	2149	622	1893	2395	2568	754	1096	1138	1057	2141	1541	1606	2408	189	828	256	0
Molgula_tectiformis	2118	468	1538	1773	923	2045	608	1992	2569	2450	763	1139	1107	1081	2000	1523	1488	2205	192	855	1420	0
Acropora_millepora	1680	374	1162	1401	785	1586	486	1483	2149	1997	557	860	880	793	1660	1187	1181	1779	163	707	7387	0
Montastraea_faveolata	434	116	255	345	216	460	184	397	764	521	138	242	261	200	613	311	336	529	50	212	23673	0
Clytia_hemisphaerica	1577	353	1084	1316	689	1460	435	1426	1721	1737	531	802	767	742	1330	1098	1076	1543	131	606	9833	0
Pedicellina_cernua	1022	257	713	799	510	1097	357	899	1548	1199	370	543	575	500	1208	733	805	1158	111	479	15374	0
Nasonia_vitripennis	2290	489	1565	1873	1004	2154	625	2077	2679	2638	754	1132	1172	1081	2053	1548	1572	2306	197	919	129	0
Ciona_savignyi	2238	495	1580	1834	955	2114	658	2044	2594	2571	796	1160	1126	1122	2055	1616	1580	2329	199	875	316	0
Trichoplax_adhaerens	2261	468	1587	1841	967	2142	596	2125	2532	2554	711	1153	1089	1025	2123	1658	1567	2269	189	920	480	0
Batrachochytrium_dendrobatidis	2296	392	1479	1745	977	2030	591	2028	2340	2488	626	1073	1049	1003	1879	1581	1553	2297	177	787	1866	0
Leucetta_chagosensis	1036	242	654	787	530	1075	363	895	1411	1287	340	529	585	548	1284	783	715	1160	117	466	15450	0
Aplysia_californica	2267	466	1566	1853	1007	2129	608	1965	2610	2555	765	1122	1141	1053	2069	1497	1528	2336	199	868	653	0
Saccoglossus_kowalevskii	2172	477	1571	1832	996	2129	619	2033	2634	2519	784	1122	1127	1064	2064	1526	1567	2305	205	913	598	0
Allomyces_macrogynus	2775	375	1571	1795	979	2104	628	1858	2461	2636	691	1032	1121	997	2054	1504	1630	2488	182	854	522	0
Proterospongia_sp	873	178	522	621	368	803	244	622	965	972	288	396	455	374	925	555	566	873	65	308	19284	0
Daphnia_pulex	2384	483	1542	1883	1017	2155	638	2027	2583	2632	814	1121	1170	1090	2138	1506	1569	2369	193	873	70	0
Nematostella_vectensis	2304	490	1582	1915	1020	2193	641	2032	2677	2594	800	1141	1148	1056	2019	1569	1577	2422	193	879	5	0
Hydra_magnipapillata	2224	496	1574	1869	1003	2136	627	2090	2705	2677	746	1184	1134	1007	1973	1709	1569	2374	188	900	72	0
Suberites_domuncula	800	185	510	621	430	818	295	750	1329	971	258	456	490	430	1111	578	592	943	91	374	18225	0
Hydractinia_echinata	1311	291	863	1003	588	1215	411	1164	1730	1475	445	690	668	588	1380	1001	916	1387	133	569	12429	0
Branchiostoma_floridae	2283	494	1570	1946	990	2189	626	1983	2636	2606	848	1127	1181	1068	2115	1529	1574	2367	200	920	5	0
Ephydatia_muelleri	966	206	605	715	461	978	306	845	1311	1119	282	468	514	463	1051	634	664	1035	107	399	17128	0
Oscarella_carmela	1272	245	913	1066	611	1263	353	1040	1458	1513	402	593	678	559	1180	908	904	1365	96	478	13360	0
Spizellomyces_punctatus	2391	368	1503	1852	962	2083	612	1939	2420	2539	642	1028	1094	1032	2008	1469	1565	2310	191	844	1405	0
Helobdella_robusta	2147	471	1529	1803	960	2052	615	2007	2575	2509	718	1075	1092	1052	1914	1482	1506	2222	194	859	1475	0
Pleurobrachia_pileus	1908	425	1306	1457	805	1812	524	1644	2118	2041	698	919	933	850	1610	1358	1344	1977	154	705	5669	0
Xenoturbella_bocki	1315	313	894	1047	601	1333	438	1281	1838	1529	476	709	723	629	1397	921	991	1424	140	569	11689	0
Mnemiopsis_leidyi	1683	405	1105	1233	723	1577	516	1497	2060	1865	583	857	779	735	1537	1177	1134	1681	156	671	8283	0
Monosiga_ovata	2502	392	1489	1766	971	2071	643	1837	2406	2552	644	1063	1103	1026	1940	1494	1558	2400	173	796	1431	0
Capsaspora_owczarzaki	2521	393	1516	1777	1017	2100	620	1923	2307	2596	639	1098	1091	1037	2097	1602	1618	2406	180	822	897	0
Podocoryne_carnea	1229	278	805	900	573	1216	374	1085	1656	1422	422	653	607	564	1301	932	874	1336	121	544	13365	0
Mertensiid_sp	874	215	535	586	399	863	309	815	1323	940	284	456	454	392	1034	626	638	917	88	368	18141	0
Euprymna_scolopes	1660	376	1156	1370	744	1596	518	1567	2045	1947	601	878	874	777	1679	1190	1170	1669	167	706	7567	0
Oopsacas_minuta	229	77	168	166	123	257	86	271	348	329	93	135	144	122	252	207	200	252	26	132	26640	0
Phycomyces_blakesleeanus	2418	388	1568	1869	999	2117	591	1981	2434	2551	656	1138	1091	1007	2007	1690	1567	2410	181	867	727	0
Amphimedon_queenslandica	2161	463	1538	1894	975	2146	605	1992	2605	2646	757	1116	1148	1078	2097	1632	1572	2370	194	946	322	0
Petromyzon_marinus	2108	441	1371	1720	909	1990	583	1699	2368	2465	721	986	1094	954	2027	1379	1459	2180	180	825	2798	0
Pediculus_humanus	2203	495	1487	1838	989	2062	618	2049	2644	2565	716	1120	1127	1033	1962	1534	1483	2301	183	862	986	0
Sphaeroforma_arctica	1702	349	1087	1203	697	1544	475	1341	1794	1669	528	815	760	703	1514	1147	1163	1717	152	618	9279	0
Amoebidium_parasiticum	782	154	475	546	356	794	251	584	943	806	219	373	387	330	854	503	582	819	72	324	20103	0
Carteriospongia_foliascens	536	118	383	425	269	594	210	509	856	647	170	283	315	289	655	419	419	624	57	248	22231	0
Ixodes_scapularis	2293	500	1493	1888	947	2113	646	1820	2533	2695	726	1066	1157	1055	2149	1457	1487	2384	202	874	772	0
Anoplodactylus_eroticus	919	222	573	665	437	942	322	830	1468	1082	309	532	525	471	1127	643	656	1057	104	437	16936	0
Scutigera_coleoptrata	789	208	488	612	384	852	288	763	1247	932	265	414	480	389	1065	516	574	886	90	371	18644	0
Metridium_senile	1581	347	1057	1312	747	1564	476	1469	2012	1781	559	836	806	758	1531	1175	1117	1730	147	645	8607	0
Euperipatoides_kanangrensis	815	203	534	645	409	848	335	801	1284	1021	280	458	483	395	1087	571	612	954	96	396	18030	0
Danio_rerio	2313	481	1551	1915	968	2164	629	2016	2591	2664	786	1119	1158	1063	2106	1512	1570	2347	196	918	190	0
Strongylocentrotus_purpuratus	2264	493	1563	1927	999	2178	624	2005	2602	2611	800	1136	1142	1086	2124	1595	1606	2354	202	898	48	0
Constants	602	122	589	583	347	1313	204	370	679	837	197	303	577	289	879	323	418	482	95	258	0	0
Opisthoconst	26	7	23	20	21	21	3	33	32	35	5	16	17	18	25	24	12	19	5	12	0	0
Homo_sapiens.fasta.nogaps	2305	483	1548	1923	980	2166	635	2071	2621	2673	793	1124	1176	1077	2143	1496	1598	2320	199	922	0	0
human_uniprot.fasta	795260	260268	536935	804522	413678	744566	297583	491690	648774	1128389	241560	406500	715038	539951	639157	942820	607079	676387	138119	301929	0	1
