Species	A	C	D	E	F	G	H	I	K	L	M	N	P	Q	R	S	T	V	W	Y	-	X
Aphrocallistes_vastus	9293	3151	7824	9852	7274	9023	3858	9757	9413	17340	3475	5688	5972	5590	8339	9668	7230	10120	1985	5687	251093	0
Stomolophus_meleagris	18248	5816	15423	18935	14086	16342	6775	17990	19728	31461	7113	11150	10715	10490	15030	16684	13399	19353	3722	10391	118781	0
Kirkpatrickia_variolosa	15853	5096	12770	15662	11230	14304	6266	13852	15229	27364	6295	8838	9323	9416	13019	14481	11580	17462	3205	8816	161571	0
Coeloplana_species	21724	7821	19270	22861	16502	20322	8873	23875	24482	39681	8593	15291	13615	13007	18238	21850	18000	24600	4723	14074	44230	0
Mylnosiga_fluctuans_19	23613	5184	14976	16445	12623	16577	7140	14788	14247	31527	6433	9185	11141	10149	16976	15202	13608	20641	3627	9176	128374	0
Beroe_sp.	5645	1771	4780	6000	3760	5111	2081	5515	6620	9071	2320	3597	3303	3374	4545	5168	4396	6102	1006	3056	314411	0
Salpingoeca_urceolata_04	23905	5916	16495	18534	14336	17994	7743	14486	16591	34071	6996	10036	12000	11852	18015	16769	15048	23427	4047	9544	103827	0
Petrosia_ficiformis	16733	5833	14994	18302	13066	16177	7443	18410	17655	31968	6876	10611	11010	11132	15349	17241	14022	19275	3828	10657	121050	0
Atolla_vanhoeffeni	9979	3196	8881	10555	7645	9356	3742	10451	11259	17028	3989	6309	5849	5845	8430	8996	7610	10724	1977	5918	243893	0
Salpingoeca_qvevrii_09	23858	5718	16508	19229	14439	17597	7774	16565	15916	33959	7131	10601	12024	11289	18596	16986	14585	21428	3950	9880	103599	0
Hydractinia_polyclina	18544	6253	16251	19424	14392	16883	7202	19246	20827	32595	7461	12099	11100	10933	15165	17240	14402	20371	3887	11263	106094	0
Nanomia_bijuga	18238	6373	16318	19722	14491	17201	7242	19695	20982	32447	7668	12441	11274	10833	14933	17511	14365	20031	3927	11384	104556	0
Grantia_compressa	10833	3233	8465	9570	7224	9054	4031	7935	9124	17093	4037	5504	6025	5908	9261	9216	7538	11500	2050	5354	248677	0
Euplokamis_dunlapae	13484	4450	11218	13482	9264	12197	5101	12851	14137	21815	5525	8425	7865	7749	10330	12182	10450	14371	2632	7629	196475	0
Cestum_veneris	9392	2942	7920	9812	6285	8334	3513	8914	10269	15103	3701	6043	5487	5568	7462	8513	7195	9934	1735	5352	258158	0
Latrunculia_apicalis	13963	4233	11183	13978	9988	12452	5515	12211	13554	23986	5480	7769	8164	8191	11702	12901	10098	15334	2788	7683	190459	0
Branchiostoma_floridae	22486	6778	18169	21432	15728	19665	8485	18468	20634	36936	9320	12459	13385	13122	18565	17879	16406	24435	4584	12210	70486	0
Euplectella_aspergillum	11775	4064	10216	12831	9482	11494	4991	12867	12251	22508	4622	7826	7622	7170	11022	12669	9477	12839	2562	7657	205687	0
Spongilla_lacustris	14620	4368	11224	13900	9569	12448	5533	11861	13737	24121	5290	7502	8217	8328	11501	12395	10511	15817	2890	7963	189837	0
Plumapathes_pennacea	16800	5318	13604	17045	12257	14882	6349	14522	16827	28499	6591	9611	9936	9627	14014	14807	12058	18421	3395	9074	147995	0
Monosiga_brevicollis_mx1	22285	4701	14822	16550	11938	15633	7162	13608	13721	30057	6700	9396	10395	10625	16604	14076	13115	19144	3453	9036	138611	0
Choanoeca_perplexa_11	24102	5620	16631	17932	13285	17805	7853	14979	16602	33434	7555	10455	11516	12133	17061	16621	15174	22141	3953	10308	106472	0
Acanthoeca_sp._10tr	22308	5044	15290	17080	12302	16932	6919	14055	15624	29613	6951	9019	10720	9413	16131	14823	13666	20909	3648	9233	131952	0
Crassostrea_gigas	20992	6884	18204	22249	15837	19239	8158	20445	22697	36110	9043	13365	13001	12748	17429	18463	16207	22938	4478	12424	70721	0
Plakina_jani	14304	4056	11460	13842	9762	12080	5413	11368	12719	23315	5330	7167	7929	8387	12579	12177	10031	15885	2729	7409	193690	0
Bolocera_tuedia	11060	3556	9392	11359	8190	9991	4326	10989	11732	18945	4265	7071	6895	6450	9155	9974	8501	12021	2179	6303	229278	0
Capsaspora_owczarzaki_atcc30864	23014	5022	15372	16389	13910	16597	7219	15862	14784	32335	6738	10159	11286	10350	16967	16439	14278	21486	3679	9337	120409	0
Montastraea_faveolata	18880	6015	15673	19561	14192	17006	7151	17125	19133	32982	7371	10891	11432	11035	15856	16833	13827	20703	3939	10384	111643	0
Trichoplax_adhaerens	22033	7296	18826	21256	16242	19463	8108	24195	22620	37753	8094	14635	13041	12409	18528	21074	16450	22228	4625	13469	59287	0
Corticium_candelabrum	13419	3949	10949	13288	9227	11447	5109	11334	12464	22170	5202	7150	7485	8060	11736	11613	9482	15042	2594	7135	202777	0
Beroe_abyssicola	18633	6524	16156	19450	13532	17078	7427	18796	20201	32767	7339	12352	11319	11013	14865	18207	14867	20935	3832	11084	105255	0
Daphnia_pulex	21654	6530	16724	20171	15158	18617	8097	19145	19202	36441	7843	12135	12807	12190	17752	18658	15147	22375	4447	11468	85071	0
Rossella_fibulata	13116	4603	11438	13678	10702	12806	5577	14345	13271	25499	5215	8491	8775	8040	11651	14053	10882	14634	2952	8359	183545	0
Salpingoeca_helianthica_18	25352	5618	15731	17466	13618	17548	7653	15226	14798	33996	6671	9553	11745	10519	18294	16308	14955	21923	3742	9248	111668	0
Ephydatia_muelleri	16791	5265	12892	15962	11459	14397	6508	13521	15392	28677	6039	8695	9643	9830	13399	14571	12086	18485	3430	9123	155467	0
Salpingoeca_rosetta	23390	5500	16345	18042	13518	16898	7815	14831	16447	32200	7370	10047	11523	11094	18009	15683	14900	21846	3808	9680	112686	0
Sycon_coactum	9525	2855	7250	8256	6224	7913	3499	6892	7832	14759	3496	4744	5256	5192	7978	7874	6365	10143	1733	4628	269218	0
Aurelia_aurita	18165	5709	15436	19028	13644	16433	6755	18298	19897	30866	7322	11305	10754	10522	15016	16371	13455	19010	3614	10401	119631	0
Helobdella_robusta	18705	7056	17227	19754	15462	17772	7826	20815	22009	35819	8268	13565	11849	11446	15858	19274	14926	21450	4280	11842	86429	0
Didymoeca_costata_10	20147	5700	15380	18190	13239	17173	6949	16549	17963	30841	7435	10751	10916	10445	15604	16352	13969	20005	3692	9849	120483	0
Pennatula_rubra	4160	1263	3377	4387	2928	3748	1446	4045	4586	6614	1550	2591	2340	2336	3270	3560	3051	4449	742	2386	338803	0
Capitella_teleta	24452	7788	20215	23392	17550	21270	9600	21748	23108	40762	10162	14184	14256	13992	19976	21057	17514	25429	4984	13175	37018	0
Alatina_alata	17259	5520	14554	17924	12866	15788	6507	16685	18198	29994	6715	10368	10275	10023	14534	15283	12728	18530	3464	10093	134324	0
Craspedacusta_sowerbyi	18266	5923	14816	17714	13333	16046	6696	16511	17773	30872	6831	10233	10402	10102	15068	16005	12421	19509	3657	10015	129439	0
Acanthoeca_spectabilis_VA_02	23119	5609	16017	18197	13107	18121	7223	15093	16618	31536	7244	9779	11351	10142	16755	16109	14596	22243	3891	9732	115150	0
Ixodes_scapularis	17679	5415	13196	15881	11839	14729	6542	12470	14556	29721	6018	8640	10097	9367	14682	14015	11649	19259	3498	8870	153509	0
Antipathes_caribbeana	17026	5371	13531	17194	12344	14986	6414	14405	16679	28968	6526	9593	9994	9806	14255	14723	12120	18523	3457	9112	146605	0
Strongylocentrotus_purpuratus	21584	6692	17887	21450	15447	18910	8349	19503	21296	36367	8856	12556	12748	12642	18139	18868	16074	22728	4411	11906	75219	0
Leucosolenia_complicata	9183	2656	7053	8165	6188	7722	3397	6616	7593	14358	3338	4522	5112	4987	7985	7761	6299	9796	1675	4420	272806	0
Salpingoeca_dolichothecata_16	22264	5917	16131	18745	14879	17496	7786	16382	18266	34103	6934	10849	11958	11813	16905	16856	15288	21256	3913	9903	103988	0
Liriope_tetraphylla	16144	5372	13899	16621	12304	14890	6243	16144	17289	27848	6786	10197	9811	9401	13169	14870	12218	17563	3316	9544	148003	0
Abeoforma_whisleri	7564	2558	6605	7176	5736	7082	2812	7739	7695	12280	2910	4924	4516	4158	5989	7238	5771	8093	1386	4355	285045	0
Oscarella_carmela	13059	3843	10392	12681	9261	11165	4837	10774	12408	21825	4799	6713	7358	7287	10912	11455	9025	13714	2610	6714	210800	0
Lampea_pancerina	21571	7868	19170	22215	16111	20033	8914	23268	24130	39030	9009	15189	13367	13211	17662	21229	17953	24079	4648	13634	49341	0
Chondrilla_nucula	10348	3183	8689	10718	7371	9724	4093	9476	10597	17754	4102	5895	6408	6055	8816	9547	7725	11823	2089	6012	241207	0
Vallicula_multiformis	22395	7635	19298	22960	16621	20631	9078	23016	23690	40082	8809	15115	13818	13023	19052	21587	18107	25177	4733	13958	42847	0
Hormiphora_californensis	20337	6799	15979	19735	14243	18495	7796	18003	18672	34645	7482	11901	12030	10970	17142	18678	15671	22313	4230	11347	95164	0
Aplysia_californica	23900	7381	19754	23676	17346	21020	8869	20931	23288	39875	9913	13989	14135	13915	19692	20814	17384	25872	4854	13077	41947	0
Saccoglossus_kowalevskii	23146	7464	20043	23598	16870	20781	9091	22775	24284	39573	9528	14398	13964	13842	19440	20617	17590	24963	4865	13658	41142	0
Stephanoeca_diplocostata_AUFR	23426	6048	16831	18226	13625	18312	7821	16460	17484	32495	7848	10780	11622	10973	17360	16875	15501	22690	3984	10246	103025	0
Ircinia_fasciculata	10336	3194	8330	10441	6809	9424	4214	9573	10384	17098	4075	5838	6117	6332	8327	9142	7907	11148	2061	5760	245122	0
Porites_australiensis	16912	5326	13779	17417	12708	15167	6359	15294	16990	29290	6561	9768	10137	9714	14110	14827	12344	18280	3507	9264	143878	0
Pelagia_noctiluca	13180	4436	11433	13971	10394	12133	5075	13758	14800	23393	5373	8402	7886	7715	11183	12661	9944	14153	2784	7664	191294	0
Gorgonia_ventalina	14846	4936	12705	16138	11410	13641	5692	14730	16440	26028	5771	9506	9035	8898	12564	13730	11196	16239	3195	8739	166193	0
Sphaeroforma_arctica_JP610	8414	2285	6514	7091	5269	7234	2793	6779	7153	12321	3309	4536	4573	4078	6438	6552	6156	8860	1521	4282	285474	0
Mycale_phyllophila	15150	4592	12571	15525	10454	13445	5837	13179	15403	25461	6080	8498	8940	9082	12663	13876	10969	16886	2973	8467	171581	0
Amoebidium_parasiticum_JAP72	12259	3142	8613	9613	6989	9897	4038	8318	9225	17230	4200	5621	6555	5812	9108	8095	7939	12186	2111	5833	244848	0
Edwardsiella_lineata	16635	5274	13638	16378	11304	14940	6266	14896	16005	27332	6607	9521	9894	9556	13704	14250	12218	17711	3378	8919	153206	0
Salpingoeca_macrocollata_06	23730	6099	16447	18793	14181	17632	7963	14840	16826	34673	7374	10579	11813	12106	17980	16713	14864	23253	4009	10013	101744	0
Hyalonema_populiferum	4175	1312	3815	4726	3035	3928	1674	5077	5061	7466	1692	3051	2583	2649	3560	4274	3440	4339	818	2558	332399	0
Periphylla_periphylla	7727	2366	6757	8798	5404	6946	2802	7707	9381	12785	3075	4704	4451	4662	6842	6622	5704	8006	1388	4397	281108	0
Salpingoeca_infusionum_12	22113	5564	15272	17092	13403	17011	7307	14819	15946	31079	7095	9644	11175	11224	15770	16175	14931	21228	3703	9508	121573	0
Codosiga_hollandica_17	21646	5031	14465	16192	13315	15636	6987	15510	14740	30635	5935	9534	10409	10458	15351	15872	13562	19580	3425	8865	134484	0
Sycon_ciliatum	10172	2925	7845	9060	6575	8565	3707	7432	8719	15791	3769	5066	5520	5596	8627	8727	7003	10714	1820	4981	259018	0
Bolinopsis_infundibulum	11959	3922	10167	12218	8200	10797	4506	11774	13049	19495	4832	7730	7000	6880	9338	11110	9242	12648	2297	6822	217646	0
Salpingoeca_punica_03	22026	5543	15370	17284	13362	16595	7148	14979	15658	31381	7084	10044	11012	10456	16563	16039	13604	21085	3815	9243	123341	0
Clytia_hemisphaerica	14672	4868	13221	16333	11514	13571	5796	15410	17433	25727	6135	9922	9113	9174	12456	13956	11757	15987	3048	8870	162669	0
Sympagella_nux	14397	5021	12538	15494	11412	14059	6080	15724	15059	27682	5660	9275	9421	8994	12997	15439	11675	16190	3124	9142	162249	0
Lucernariopsis_campanulata	15712	5068	13331	15623	11579	14025	6046	14566	16058	27049	6179	9315	9167	9131	13409	14547	11543	16997	3103	8676	160508	0
Mnemiopsis_leidyi	23166	8038	19717	23857	16755	21062	9076	23226	24941	40675	9334	15325	14114	13822	18734	22502	18392	25558	4813	13785	34740	0
Homo_sapiens	22632	6994	17105	22483	15678	19549	8468	19406	20876	39268	8304	12333	13459	13545	18973	18477	15709	23265	4606	12103	68399	0
Nematostella_vectensis	16628	5351	13853	16779	12286	15132	6353	15174	16753	28540	6622	9774	10221	9440	13797	14669	12186	18028	3528	9276	147242	0
Hydra_magnipapillata	16285	5788	14488	17383	13426	15315	6372	18643	19081	29874	6606	11495	10149	9755	12970	16731	12489	18006	3512	10120	133144	0
Diaphanoeca_grandis_RI_01	20865	5699	15941	17880	13567	17254	7016	16842	18192	30754	7618	11008	10680	10554	15324	16505	14910	20589	3839	9914	116681	0
Oscarella_species	21030	5894	16728	19808	14257	17635	7443	16849	19235	33687	7003	10691	11569	11041	18023	17789	14219	22194	3960	10627	101950	0
Clathrina_coriacea	6870	1950	5243	6244	4671	5947	2506	5110	5825	10804	2562	3518	3951	3941	6105	5748	4634	7370	1276	3266	304091	0
Pirum_gemmata	7324	2458	6059	7187	5490	6659	2703	7415	7678	11816	2909	4972	4293	3961	5719	6489	5515	7792	1367	4165	289661	0
Leuconia_nivea	9426	2748	7297	8457	6358	7911	3478	7054	7950	14737	3474	4800	5360	5153	8116	7977	6527	10236	1717	4583	268273	0
Pleraplysilla_spinifera	12452	4042	10294	12328	8675	11139	5062	11591	12239	21591	4873	7359	7427	7630	10284	11552	9643	13916	2551	7248	209736	0
Aiptasia_pallida	18740	6174	16121	19265	14225	17221	7306	18402	19892	32527	7454	11604	11555	11024	15751	17195	14201	20476	3960	10863	107676	0
Pleurobrachia_species	23216	7840	19347	23443	16678	21505	9000	21955	23329	40190	9123	14550	13982	13312	19380	21900	18541	25952	4861	13386	40142	0
Salpingoeca_roanoka_13	23840	5866	16718	19268	14312	17772	8041	17041	17255	34526	7506	10758	12011	11926	18184	16942	15430	22109	4008	10668	97451	0
Amphimedon_queenslandica	18956	6316	16871	20564	14472	18526	8169	20181	20265	36513	7364	12046	12411	12026	16908	20458	15397	21769	4165	11961	86294	0
Creolimax_fragrantissima	8025	2378	6471	6895	5274	7315	2882	6999	7073	12262	3225	4601	4685	3966	6445	6775	6088	8869	1522	4228	285654	0
Dryodora_glandiformis	16229	5494	13671	16416	11472	14730	6357	15443	17043	27493	6448	10073	9540	9263	13145	15166	12781	17752	3246	9349	150521	0
Tribolium_castaneum	19927	6511	16219	19846	14557	17557	7547	19803	20804	35054	7136	12742	12230	11536	15951	17030	15085	21299	4246	11732	94820	0
Ministeria_vibrans	7399	1749	5315	5844	4349	5741	2369	5273	5263	10061	2492	3313	3478	3441	5792	5560	4931	7427	1148	3129	307558	0
Constants	2032	1874	4310	3325	3142	8487	2005	890	2364	4669	789	2519	4448	1734	4628	1734	1682	1359	2356	2295	0	0
Holozoanconst	177	87	201	189	238	314	94	106	179	447	63	137	247	111	179	129	146	134	118	151	0	0
simion2017_human_uniprot.fasta	59327	14703	43535	65547	30451	48666	20324	39152	54912	86307	19376	30054	44284	40418	47782	62594	41703	51090	9097	22566	0	0
human_uniprot.fasta	795260	260268	536935	804522	413678	744566	297583	491690	648774	1128389	241560	406500	715038	539951	639157	942820	607079	676387	138119	301929	0	1
