Species	A	C	D	E	F	G	H	I	K	L	M	N	P	Q	R	S	T	V	W	Y	-	X
Acropora_digitifera	2230	622	1851	2292	1625	1781	895	2086	2335	3609	848	1273	1280	1372	1817	2210	1738	2505	390	1089	34214	0
Agalma_elegans	3115	980	2860	3294	2394	2782	1225	3596	3661	5304	1293	2137	1914	1941	2527	3321	2543	3706	607	1899	16963	0
Aphrocallistes_vastus	3739	1131	3203	3994	2898	3258	1534	4058	3828	7100	1469	2248	2455	2462	3474	4495	3054	4178	714	2165	6605	0
Drosophila_melanogaster	4788	1222	3631	4283	2990	3634	1694	4196	4254	7263	1692	2601	2535	2843	3913	4078	3397	4789	836	2443	980	0
Sycon_ciliatum	4778	1140	3499	3860	2882	3509	1719	3422	3561	6888	1714	2106	2468	2644	3868	4217	3201	4916	759	2092	4819	0
Bolinopsis_infundibulum	533	175	483	554	451	487	205	554	587	921	242	385	337	349	473	630	460	722	86	333	59095	0
Sphaeroforma_arctica	3209	806	2542	2633	1814	2586	1050	2465	2679	4119	1290	1628	1561	1653	2410	2644	2470	3358	524	1432	25189	0
Salpingoeca_pyxidium	1870	400	1213	1348	1001	1381	574	1268	1243	2193	559	759	888	830	1353	1348	1159	1680	229	627	46139	0
Homo_sapiens	4710	1297	3513	4540	3071	3662	1663	4004	4278	7712	1744	2333	2737	2919	3953	4054	3354	4924	845	2387	362	0
Hydra_vulgaris	3477	1079	3165	3855	2828	2954	1398	4126	4415	6218	1442	2582	2083	2261	2829	3935	2812	4020	670	2129	9784	0
Chondrilla_nucula	2053	592	1785	2157	1458	1835	869	1976	2346	3388	835	1103	1265	1224	1825	2180	1622	2472	450	1180	35447	0
Beroe_abyssicola	1589	593	1461	1564	1267	1397	637	1793	1739	2967	676	1111	1043	986	1298	1928	1449	2103	343	1015	41103	0
Physalia_physalia	2655	788	2310	2824	1962	2358	1011	2917	3260	4355	1068	1773	1593	1597	2189	2763	2050	2917	470	1599	25603	0
Ocyropsis_crystallina	1990	699	1758	1978	1485	1726	812	2058	2111	3478	842	1315	1269	1281	1631	2314	1736	2476	408	1227	35468	0
Hormathia_digitata	1655	465	1424	1666	1212	1425	639	1677	1937	2620	661	983	966	954	1356	1625	1325	1810	277	884	42501	0
Acanthoeca_sp	5245	982	3398	3625	2543	3598	1442	3048	3386	5839	1627	1721	2328	2035	3541	3334	3134	4630	702	1760	10144	0
Kirkpatrickia_variolosa	3333	989	2668	3251	2294	2816	1298	3011	3315	5491	1402	1768	1922	2052	2816	3421	2602	3802	613	1785	17413	0
Trichoplax_adhaerens	4046	1181	3456	3867	2801	3224	1496	4503	4218	6313	1488	2642	2242	2383	3334	4033	3117	4090	732	2315	6581	0
Sympagella_nux	3474	1126	3033	3713	2765	3023	1434	3964	3588	6640	1415	2218	2254	2329	3318	4206	3011	3925	682	2082	9862	0
Mertensiidae_sp_Washington_USA	1035	324	907	1070	740	931	392	1093	1149	1665	404	645	616	632	869	1138	903	1239	197	631	51482	0
Abylopsis_tetragona	3344	968	2936	3421	2349	2895	1243	3336	3718	5324	1367	2069	1873	1953	2591	3281	2653	3805	577	1879	16480	0
Mnemiopsis_leidyi	1268	433	1116	1238	973	1157	520	1370	1383	2251	549	878	830	802	1088	1527	1130	1595	246	805	46903	0
Beroe_forskalii	1346	473	1109	1246	1047	1172	482	1337	1356	2293	527	819	785	797	1054	1534	1183	1690	266	780	46766	0
Callianira_Antarctica	905	335	834	861	723	824	374	1052	985	1614	441	654	561	583	771	1005	815	1153	189	559	52824	0
Daphnia_pulex	4459	1195	3504	4133	2962	3434	1567	4114	4132	6965	1593	2405	2497	2660	3639	4200	3264	4665	802	2283	3589	0
Periphyla_periphyla	1786	495	1589	1954	1221	1603	683	1857	2231	2710	736	1072	1044	1084	1560	1748	1405	1894	321	939	40130	0
Mycale_phylophylla	3244	905	2703	3181	2133	2699	1222	2767	3357	5169	1369	1728	1855	1984	2762	3315	2449	3696	560	1699	19265	0
Rossella_fibulata	2987	973	2670	3183	2396	2765	1250	3404	3175	5822	1238	1910	1978	2001	2811	3647	2701	3557	606	1822	17166	0
Ctenophora_sp_Florida_USA	503	177	473	536	396	505	211	576	563	836	271	354	328	323	475	558	437	615	81	341	59503	0
Strongylocentrotus_purpatus	3661	987	3003	3556	2500	3034	1391	3328	3743	5691	1533	2064	2136	2260	2984	3451	2849	4007	610	1879	13395	0
Nematostella_vectensis	4103	1137	3329	3919	2917	3321	1575	3813	4150	6402	1608	2230	2383	2373	3237	3812	3097	4527	744	2075	7310	0
Hydra_oligactis	1702	509	1579	1878	1370	1628	689	1974	2215	2959	745	1187	1033	1095	1408	1927	1417	1943	328	1028	39448	0
Pleurobrachia_bachei	1243	415	982	1202	886	1044	438	1227	1221	2144	502	768	766	714	1098	1358	1106	1456	237	745	48510	0
Hemithris_psittacea	3583	1024	3099	3376	2443	3062	1406	3397	3761	5471	1485	2068	2042	2092	2944	3464	2879	3975	651	1974	13866	0
Pseudospongosorites_suberitoides	1250	299	1031	1266	824	1173	458	1166	1342	1913	520	634	740	746	1067	1176	1000	1406	206	605	49240	0
Cliona_varians	3041	843	2437	3036	2089	2549	1143	2745	3008	4897	1181	1553	1801	1814	2621	2943	2404	3345	555	1562	22495	0
Petrosia_ficiformis	2110	669	1923	2245	1678	1936	969	2413	2357	3690	903	1345	1363	1423	1931	2404	1906	2531	428	1266	32572	0
Hydra_viridissima	1946	582	1790	2143	1504	1745	775	2190	2508	3222	802	1363	1144	1242	1585	2076	1560	2147	357	1155	36226	0
Ocyropsis_sp_Florida_USA	820	313	728	832	611	743	295	864	882	1485	328	545	556	562	694	1016	744	1062	170	526	54286	0
Lobatolampea_tetragona	520	218	457	454	397	475	191	508	502	868	210	323	365	302	476	647	535	687	126	310	59491	0
Eurhamphaea_vexilligera	1061	342	917	1028	811	887	420	1074	1095	1782	455	715	654	708	855	1192	862	1301	195	640	51068	0
Salpingoeca_rosetta	5267	1059	3568	3597	2676	3378	1720	3137	3437	6229	1641	1891	2469	2449	3921	3570	3348	4870	725	1847	7263	0
Vallicula_sp	1520	453	1317	1523	1091	1378	630	1557	1484	2516	594	968	965	925	1291	1600	1295	1803	312	894	43946	0
Latrunculia_apicalis	3469	1001	2850	3464	2521	3023	1432	3271	3551	6046	1446	1909	2141	2196	3049	3768	2823	4156	645	1896	13405	0
Oscarella_carmela	4563	1194	3585	4160	3116	3591	1668	3804	4227	6945	1571	2208	2466	2539	3761	4310	3182	4918	799	2142	3313	0
Sycon_coactum	3548	851	2594	2859	2158	2709	1289	2588	2700	5057	1270	1537	1853	2042	2929	3093	2388	3708	520	1527	20842	0
Coeloplana_astericola	1362	444	1288	1529	1068	1223	554	1542	1587	2399	527	986	869	874	1197	1559	1266	1750	271	864	44903	0
Nanomia_bijuga	2768	905	2571	2921	2132	2457	1104	3027	3342	4687	1156	1918	1644	1705	2249	2953	2285	3196	514	1682	22846	0
Pleurobrachia_pileus	1963	674	1639	1949	1490	1731	774	2023	1887	3492	791	1218	1177	1172	1686	2124	1668	2395	397	1146	36666	0
Ocyropsis_sp_Bimini_Bahamas	1397	449	1171	1352	1036	1255	538	1431	1443	2313	589	890	884	877	1178	1604	1167	1748	257	842	45641	0
Amphimedon_queenslandica	3365	979	3083	3708	2481	3040	1429	3719	3732	6089	1394	1999	2234	2152	3089	3974	2903	4026	657	1992	12017	0
Beroe_sp_Queensland_Australia	1364	458	1216	1392	1052	1237	525	1445	1449	2371	570	897	848	844	1126	1539	1237	1649	257	827	45759	0
Monosiga_ovata	2161	419	1368	1470	1066	1565	588	1449	1438	2369	608	832	1011	934	1475	1479	1331	1813	266	724	43696	0
Capsaspora_owczarzaki	5524	959	3451	3684	2956	3398	1613	3634	3297	6777	1581	2143	2513	2492	3947	4019	3345	4810	709	1978	5232	0
Mertensiidae_sp_Antarctica	993	405	925	931	788	904	376	1131	1089	1702	427	674	653	611	890	1138	935	1224	200	675	51391	0
Euplokamis_dunlapae	1118	368	1016	1132	850	1035	429	1204	1287	1832	508	712	710	799	909	1179	961	1395	208	666	49744	0
Ircinia_fasciculata	1701	467	1329	1568	1000	1430	638	1610	1718	2473	627	912	918	1096	1340	1531	1340	1795	294	811	43464	0
Cestum_veneris	877	323	776	834	669	816	344	903	898	1527	364	570	604	529	808	1134	836	1131	196	543	53380	0
Beroe_ovata	773	232	676	748	558	746	292	795	804	1221	326	483	475	420	611	823	674	951	159	472	55823	0
Capitella_teleta	4412	1255	3633	4051	3005	3469	1660	3963	4288	6828	1826	2453	2498	2676	3599	4065	3282	4759	805	2224	3311	0
Aiptasia_pallida	4008	1175	3407	4060	2923	3354	1585	3982	4409	6489	1575	2377	2365	2413	3297	4017	3210	4498	763	2175	5980	0
Ministeria_vibrans	4093	787	2659	2969	2060	2756	1208	2471	2484	5008	1257	1442	1829	1718	3181	3055	2687	3705	538	1414	20741	0
Crella_elegans	1663	479	1339	1660	1137	1424	684	1450	1748	2630	668	890	1003	983	1505	1717	1297	1864	333	842	42746	0
Hyalonema_populiferum	1797	602	1690	1928	1444	1668	767	2583	2291	3229	758	1467	1113	1182	1539	2110	1558	1928	344	1175	36889	0
Beroe_sp_Antarctica	697	264	592	590	512	627	257	714	694	1213	280	454	422	406	564	796	580	842	144	432	56982	0
Eunicella_verrucosa	3666	1047	3151	3811	2712	3094	1454	3672	4083	5936	1406	2244	2134	2213	2972	3699	2922	4135	691	2036	10984	0
Spongilla_lacustris	2791	757	2160	2607	1751	2287	1032	2276	2670	4228	1044	1333	1596	1587	2289	2550	2070	3049	448	1378	28159	0
Bolinopsis_ashleyi	901	305	738	863	695	892	331	1016	1030	1466	390	574	582	572	729	969	796	1079	183	542	53409	0
Amoebidium_parasiticum	5011	1083	3604	3968	2578	3717	1657	3367	3792	6634	1775	2145	2474	2459	3798	3566	3324	4976	795	2216	5123	0
Dryodora_glandiformis	1715	563	1452	1586	1161	1454	670	1619	1696	2882	684	1014	1003	989	1373	1879	1416	2040	353	962	41551	0
Cydippida_sp_Maryland_USA	2144	733	1873	2106	1620	1852	841	2229	2238	3811	888	1379	1326	1318	1824	2355	1873	2617	433	1301	33301	0
Hormiphora_palmata	1136	359	982	1201	862	1028	427	1126	1232	1897	471	687	706	716	1049	1255	953	1344	215	668	49748	0
Pleurobrachia_sp_South_Carolina_USA	972	298	830	1027	700	907	356	992	983	1648	416	607	572	582	860	1018	832	1161	188	580	52533	0
Bolocera_tuediae	943	286	789	936	694	880	386	1021	1096	1531	410	565	574	587	828	915	777	1057	146	551	53090	0
Cydippida_sp	990	304	857	1016	698	863	388	1013	1095	1548	392	626	607	585	819	1090	849	1143	185	572	52422	0
Craseo_lathetica	2500	775	2335	2652	1927	2311	1030	2890	2979	4194	1081	1705	1538	1575	2128	2690	2095	2912	478	1543	26724	0
Hormiphora_californica	2599	791	1987	2406	1740	2159	949	2282	2196	4367	920	1375	1517	1420	2265	2701	2109	3048	505	1399	29327	0
Corticium_candelabrum	1889	549	1557	1714	1263	1605	736	1646	1691	2858	728	920	1063	1141	1611	1838	1407	2143	356	965	40382	0
Lobata_sp_Punta_Arenas_Argentina	808	311	735	753	674	730	316	862	815	1398	367	513	492	516	662	943	753	1003	176	487	54748	0
Monosiga_brevicolis	5085	1008	3284	3466	2472	3166	1607	3060	3012	6199	1494	1915	2317	2516	3653	3393	2925	4288	675	1838	10689	0
Constants	327	183	638	490	422	1078	243	198	371	837	117	289	643	231	661	286	273	264	268	281	0	0
Holozoaconst	52	28	44	55	68	86	33	43	74	140	20	23	53	38	52	49	43	48	27	54	0	0
Homo_sapiens.fasta.nogaps	4710	1297	3513	4540	3071	3662	1663	4004	4278	7712	1744	2333	2737	2919	3953	4054	3354	4924	845	2387	0	0
human_uniprot.fasta	795260	260268	536935	804522	413678	744566	297583	491690	648774	1128389	241560	406500	715038	539951	639157	942820	607079	676387	138119	301929	0	1
